  0   32 200   LDA 200
  2  225       SHL
  4   16 201   STA 201
  6   32 200   LDA 200
  8  224       SHR
 10   16 202   STA 202
 12   32 203   LDA 203
 14  227       ROL
 16   16 204   STA 204
 18   32 203   LDA 203
 20  226       ROR
 22   16 205   STA 205
 24   32 206   LDA 206
 26  225       SHL
 28  225       SHL
 30   16 207   STA 207
 32   32 208   LDA 208
 34  224       SHR
 36  224       SHR
 38   16 209   STA 209
 40  240       HLT

200    1
201    0
202    0
203  128
204    0
205    0
206    64
207    0
208    4
209    0
